8.448
0
0.620333
0.772517
1.08647
1.27498
1.34786
1.4925
1.52444
1.6775
1.95682
2.23614
2.25537
2.26329
2.31084
2.50358
2.54041
2.59829
2.62317
2.68139
2.70285
2.7391
2.75545
2.95744
3.00544
3.01944
3.12662
3.20471
3.30028
3.3294
3.40315
3.43868
3.48283
3.49507
3.50491
3.5249
3.60666
3.62002
3.63055
3.64866
3.66869
3.66997
3.67842
3.77542
3.78172
3.85664
3.87952
3.93582
3.99554
4.03697
4.06281
4.11398
4.11745
4.13745
4.21922
4.22009
4.22924
4.26953
4.28641
4.30486
4.30754
4.37191
4.40221
4.42366
4.4347
4.44673
4.45449
4.46394
4.46715
4.49214
4.50411
4.52505
4.52667
4.54075
4.61813
4.62298
4.62676
4.64792
4.6538
4.65706
4.67044
4.68549
4.7954
4.79879
4.80615
4.83921
4.84985
4.93049
4.97734
4.98037
4.99451
5.00034
5.01953
5.02541
5.06102
5.08357
5.1028
5.14941
5.17077
5.17639
5.18501
5.22147
5.22452
5.22897
5.2315
5.24916
5.25375
5.26041
5.34072
5.3446
5.36441
5.39615
5.42179
5.43865
5.45236
5.46401
5.46459
5.46848
5.4919
5.50684
5.50767
5.51062
5.5418
5.54574
5.54634
5.54923
5.57993
5.61123
5.6117
5.61242
5.64597
5.68239
5.69535
5.70157
5.70577
5.71039
5.75429
5.80256
5.81726
5.85249
5.8749
5.89352
5.92279
5.94781
5.96912
5.9844
6.00638
6.01266
6.02107
6.04342
6.09909
6.1044
6.14345
6.148
6.19528
6.19994
6.21436
6.24656
6.27718
6.28443
6.2936
6.2961
6.32974
6.33828
6.40653
6.41648
6.41866
6.45398
6.45758
6.56464
6.61743
6.63523
6.6759
6.67604
6.68915
6.69698
6.70491
6.75931
6.78164
6.78464
6.79814
6.82476
6.85844
6.8646
6.89871
7.04056
7.04608
7.15041
7.20243
7.2427
7.34564
7.43484
7.45429
7.51069
7.53989
7.58083
7.59154
7.67938
7.70979
7.9041
7.92019
8.23012
8.24191
8.24218
8.38725
8.45809
8.62811
8.86065
